-1.000000,0.010685
-0.989950,0.063526
-0.979899,0.143619
-0.969849,0.215256
-0.959799,0.220159
-0.949749,0.229034
-0.939698,0.245568
-0.929648,0.333462
-0.919598,0.380514
-0.909548,0.427100
-0.899497,0.377399
-0.889447,0.456378
-0.879397,0.507314
-0.869347,0.498139
-0.859296,0.541848
-0.849246,0.428747
-0.839196,0.572739
-0.829146,0.585331
-0.819095,0.644438
-0.809045,0.632442
-0.798995,0.648058
-0.788945,0.700599
-0.778894,0.700849
-0.768844,0.732537
-0.758794,0.739944
-0.748744,0.727263
-0.738693,0.730763
-0.728643,0.701631
-0.718593,0.680484
-0.708543,0.664987
-0.698492,0.628645
-0.688442,0.697229
-0.678392,0.659347
-0.668342,0.722263
-0.658291,0.686500
-0.648241,0.694526
-0.638191,0.705853
-0.628141,0.707088
-0.618090,0.759757
-0.608040,0.743887
-0.597990,0.795685
-0.587940,0.704324
-0.577889,0.667220
-0.567839,0.642042
-0.557789,0.646470
-0.547739,0.673567
-0.537688,0.679913
-0.527638,0.664873
-0.517588,0.684418
-0.507538,0.610649
-0.497487,0.623841
-0.487437,0.633783
-0.477387,0.590785
-0.467337,0.604291
-0.457286,0.607533
-0.447236,0.655378
-0.437186,0.588224
-0.427136,0.589851
-0.417085,0.503416
-0.407035,0.550191
-0.396985,0.556071
-0.386935,0.591376
-0.376884,0.493417
-0.366834,0.532333
-0.356784,0.514841
-0.346734,0.536701
-0.336683,0.505508
-0.326633,0.545051
-0.316583,0.508872
-0.306533,0.463065
-0.296482,0.468310
-0.286432,0.489654
-0.276382,0.462815
-0.266332,0.525806
-0.256281,0.430584
-0.246231,0.477993
-0.236181,0.509337
-0.226131,0.416369
-0.216080,0.410149
-0.206030,0.390102
-0.195980,0.425216
-0.185930,0.388912
-0.175879,0.447517
-0.165829,0.364607
-0.155779,0.387068
-0.145729,0.389001
-0.135678,0.339883
-0.125628,0.377744
-0.115578,0.369665
-0.105528,0.349400
-0.095477,0.338913
-0.085427,0.331341
-0.075377,0.346140
-0.065327,0.351105
-0.055276,0.359324
-0.045226,0.347234
-0.035176,0.346085
-0.025126,0.342219
-0.015075,0.325679
-0.005025,0.257042
0.005025,0.320054
0.015075,0.334971
0.025126,0.329176
0.035176,0.303265
0.045226,0.354661
0.055276,0.300411
0.065327,0.312979
0.075377,0.230665
0.085427,0.318862
0.095477,0.245819
0.105528,0.319456
0.115578,0.328163
0.125628,0.321396
0.135678,0.334855
0.145729,0.316374
0.155779,0.300808
0.165829,0.349585
0.175879,0.333871
0.185930,0.306279
0.195980,0.333690
0.206030,0.334125
0.216080,0.373549
0.226131,0.388374
0.236181,0.330032
0.246231,0.322094
0.256281,0.308418
0.266332,0.334688
0.276382,0.457507
0.286432,0.311231
0.296482,0.400903
0.306533,0.348341
0.316583,0.394298
0.326633,0.350373
0.336683,0.413908
0.346734,0.396750
0.356784,0.427834
0.366834,0.472030
0.376884,0.470335
0.386935,0.441361
0.396985,0.460836
0.407035,0.463859
0.417085,0.525313
0.427136,0.488008
0.437186,0.539867
0.447236,0.515474
0.457286,0.491929
0.467337,0.557657
0.477387,0.597902
0.487437,0.506308
0.497487,0.514523
0.507538,0.626295
0.517588,0.690187
0.527638,0.615135
0.537688,0.662527
0.547739,0.671018
0.557789,0.740364
0.567839,0.684486
0.577889,0.661158
0.587940,0.754645
0.597990,0.791377
0.608040,0.776154
0.618090,0.828379
0.628141,0.844688
0.638191,0.856023
0.648241,0.904995
0.658291,0.920504
0.668342,0.964210
0.678392,1.010067
0.688442,0.966919
0.698492,0.986125
0.708543,1.059474
0.718593,1.100361
0.728643,1.176130
0.738693,1.139049
0.748744,1.210102
0.758794,1.273766
0.768844,1.309175
0.778894,1.367992
0.788945,1.347086
0.798995,1.356063
0.809045,1.445815
0.819095,1.531817
0.829146,1.571177
0.839196,1.646368
0.849246,1.638918
0.859296,1.684903
0.869347,1.730829
0.879397,1.786519
0.889447,1.907670
0.899497,1.954757
0.909548,1.997083
0.919598,2.076929
0.929648,2.154799
0.939698,2.149679
0.949749,2.226406
0.959799,2.321307
0.969849,2.335890
0.979899,2.444419
0.989950,2.484163
1.000000,2.607333
