-1.000000,3.987448
-0.989950,3.852869
-0.979899,3.673604
-0.969849,3.531718
-0.959799,3.380759
-0.949749,3.193569
-0.939698,3.068459
-0.929648,2.956682
-0.919598,2.792122
-0.909548,2.738777
-0.899497,2.534921
-0.889447,2.501010
-0.879397,2.384432
-0.869347,2.266052
-0.859296,2.268142
-0.849246,2.216520
-0.839196,2.150734
-0.829146,2.070985
-0.819095,1.995302
-0.809045,1.970360
-0.798995,1.935706
-0.788945,1.826763
-0.778894,1.836385
-0.768844,1.785131
-0.758794,1.774452
-0.748744,1.774123
-0.738693,1.767247
-0.728643,1.693610
-0.718593,1.652034
-0.708543,1.720100
-0.698492,1.669098
-0.688442,1.638806
-0.678392,1.634335
-0.668342,1.651274
-0.658291,1.585413
-0.648241,1.645985
-0.638191,1.627565
-0.628141,1.624801
-0.618090,1.616544
-0.608040,1.677100
-0.597990,1.614005
-0.587940,1.618896
-0.577889,1.554295
-0.567839,1.612913
-0.557789,1.576034
-0.547739,1.643214
-0.537688,1.639311
-0.527638,1.668349
-0.517588,1.615844
-0.507538,1.660110
-0.497487,1.682401
-0.487437,1.675986
-0.477387,1.665129
-0.467337,1.688413
-0.457286,1.714242
-0.447236,1.757908
-0.437186,1.663340
-0.427136,1.682605
-0.417085,1.688508
-0.407035,1.717411
-0.396985,1.694234
-0.386935,1.716750
-0.376884,1.691016
-0.366834,1.719503
-0.356784,1.774916
-0.346734,1.768485
-0.336683,1.815323
-0.326633,1.838900
-0.316583,1.777898
-0.306533,1.796769
-0.296482,1.775219
-0.286432,1.839934
-0.276382,1.751494
-0.266332,1.861377
-0.256281,1.832523
-0.246231,1.856234
-0.236181,1.814495
-0.226131,1.842658
-0.216080,1.821614
-0.206030,1.870239
-0.195980,1.886362
-0.185930,1.863290
-0.175879,1.891901
-0.165829,1.897646
-0.155779,1.849091
-0.145729,1.844259
-0.135678,1.902211
-0.125628,1.927412
-0.115578,1.924598
-0.105528,1.923316
-0.095477,1.925838
-0.085427,1.883934
-0.075377,1.923824
-0.065327,1.919800
-0.055276,1.970098
-0.045226,1.972619
-0.035176,1.909496
-0.025126,1.978558
-0.015075,1.951422
-0.005025,1.950554
0.005025,1.941871
0.015075,1.961928
0.025126,1.955071
0.035176,1.962587
0.045226,1.972701
0.055276,2.008839
0.065327,1.955782
0.075377,2.004062
0.085427,2.026278
0.095477,1.988396
0.105528,2.065379
0.115578,2.005569
0.125628,2.050401
0.135678,2.067148
0.145729,2.036470
0.155779,2.052375
0.165829,2.001683
0.175879,2.022709
0.185930,2.073677
0.195980,2.034312
0.206030,2.003841
0.216080,2.043853
0.226131,2.156515
0.236181,2.041090
0.246231,2.039185
0.256281,2.071210
0.266332,2.059242
0.276382,2.033964
0.286432,2.096802
0.296482,2.114215
0.306533,2.092616
0.316583,2.103268
0.326633,2.086050
0.336683,2.081871
0.346734,2.055609
0.356784,2.055198
0.366834,2.100474
0.376884,2.121440
0.386935,2.026875
0.396985,2.137712
0.407035,2.122298
0.417085,2.087137
0.427136,2.065737
0.437186,2.094109
0.447236,2.070892
0.457286,2.117005
0.467337,2.194217
0.477387,2.142431
0.487437,2.164203
0.497487,2.099343
0.507538,2.193472
0.517588,2.144808
0.527638,2.080436
0.537688,2.159917
0.547739,2.138691
0.557789,2.196116
0.567839,2.161438
0.577889,2.163097
0.587940,2.162671
0.597990,2.195232
0.608040,2.222647
0.618090,2.240950
0.628141,2.260177
0.638191,2.252662
0.648241,2.199348
0.658291,2.259417
0.668342,2.252458
0.678392,2.302910
0.688442,2.366164
0.698492,2.367880
0.708543,2.358045
0.718593,2.431283
0.728643,2.441293
0.738693,2.420081
0.748744,2.475764
0.758794,2.465903
0.768844,2.506083
0.778894,2.550623
0.788945,2.615991
0.798995,2.727179
0.809045,2.769211
0.819095,2.756702
0.829146,2.771857
0.839196,2.950131
0.849246,3.001091
0.859296,3.044743
0.869347,3.185857
0.879397,3.138063
0.889447,3.280387
0.899497,3.346984
0.909548,3.451089
0.919598,3.604294
0.929648,3.653953
0.939698,3.833347
0.949749,3.988081
0.959799,4.043178
0.969849,4.212186
0.979899,4.397890
0.989950,4.503372
1.000000,4.618577
