-1.000000,1.785811
-0.989950,1.758016
-0.979899,1.763560
-0.969849,1.757598
-0.959799,1.686039
-0.949749,1.712732
-0.939698,1.574866
-0.929648,1.608874
-0.919598,1.678180
-0.909548,1.581934
-0.899497,1.587696
-0.889447,1.593940
-0.879397,1.592966
-0.869347,1.575347
-0.859296,1.588085
-0.849246,1.551956
-0.839196,1.445895
-0.829146,1.494178
-0.819095,1.432903
-0.809045,1.428098
-0.798995,1.429783
-0.788945,1.422757
-0.778894,1.421030
-0.768844,1.400855
-0.758794,1.385305
-0.748744,1.409891
-0.738693,1.376037
-0.728643,1.317630
-0.718593,1.305394
-0.708543,1.385188
-0.698492,1.360555
-0.688442,1.349872
-0.678392,1.288032
-0.668342,1.351169
-0.658291,1.331900
-0.648241,1.326483
-0.638191,1.315886
-0.628141,1.229562
-0.618090,1.318602
-0.608040,1.301361
-0.597990,1.276012
-0.587940,1.244167
-0.577889,1.312197
-0.567839,1.255466
-0.557789,1.260371
-0.547739,1.219358
-0.537688,1.194462
-0.527638,1.230057
-0.517588,1.265572
-0.507538,1.206399
-0.497487,1.263166
-0.487437,1.271524
-0.477387,1.263375
-0.467337,1.242342
-0.457286,1.185826
-0.447236,1.251448
-0.437186,1.230874
-0.427136,1.182139
-0.417085,1.262136
-0.407035,1.176071
-0.396985,1.232208
-0.386935,1.227490
-0.376884,1.227769
-0.366834,1.208637
-0.356784,1.238676
-0.346734,1.279094
-0.336683,1.240758
-0.326633,1.232727
-0.316583,1.257390
-0.306533,1.211430
-0.296482,1.236671
-0.286432,1.267344
-0.276382,1.235770
-0.266332,1.290839
-0.256281,1.311802
-0.246231,1.275305
-0.236181,1.251702
-0.226131,1.238439
-0.216080,1.280100
-0.206030,1.288763
-0.195980,1.251931
-0.185930,1.325880
-0.175879,1.280539
-0.165829,1.265158
-0.155779,1.318656
-0.145729,1.326272
-0.135678,1.313031
-0.125628,1.362894
-0.115578,1.357732
-0.105528,1.350212
-0.095477,1.315700
-0.085427,1.373759
-0.075377,1.341606
-0.065327,1.352152
-0.055276,1.328571
-0.045226,1.294257
-0.035176,1.411011
-0.025126,1.410599
-0.015075,1.406122
-0.005025,1.439779
0.005025,1.427901
0.015075,1.412982
0.025126,1.402583
0.035176,1.397879
0.045226,1.409095
0.055276,1.381336
0.065327,1.359329
0.075377,1.446482
0.085427,1.461703
0.095477,1.385708
0.105528,1.441668
0.115578,1.460966
0.125628,1.394849
0.135678,1.416734
0.145729,1.421588
0.155779,1.546472
0.165829,1.486932
0.175879,1.472737
0.185930,1.552129
0.195980,1.436125
0.206030,1.514938
0.216080,1.444779
0.226131,1.501393
0.236181,1.536714
0.246231,1.489893
0.256281,1.541490
0.266332,1.497901
0.276382,1.629593
0.286432,1.521835
0.296482,1.544089
0.306533,1.519824
0.316583,1.562037
0.326633,1.511616
0.336683,1.532032
0.346734,1.557138
0.356784,1.495168
0.366834,1.551077
0.376884,1.530501
0.386935,1.512152
0.396985,1.495876
0.407035,1.562231
0.417085,1.565807
0.427136,1.575343
0.437186,1.601508
0.447236,1.577690
0.457286,1.567851
0.467337,1.604411
0.477387,1.502428
0.487437,1.524984
0.497487,1.585562
0.507538,1.552900
0.517588,1.582062
0.527638,1.608866
0.537688,1.575164
0.547739,1.531308
0.557789,1.508381
0.567839,1.590619
0.577889,1.537645
0.587940,1.558174
0.597990,1.608551
0.608040,1.561971
0.618090,1.622646
0.628141,1.557988
0.638191,1.560575
0.648241,1.545932
0.658291,1.483737
0.668342,1.544461
0.678392,1.504750
0.688442,1.511520
0.698492,1.518399
0.708543,1.477028
0.718593,1.484837
0.728643,1.449667
0.738693,1.502148
0.748744,1.497881
0.758794,1.530878
0.768844,1.567747
0.778894,1.481806
0.788945,1.462646
0.798995,1.487303
0.809045,1.478821
0.819095,1.502001
0.829146,1.424667
0.839196,1.433962
0.849246,1.475703
0.859296,1.352904
0.869347,1.407650
0.879397,1.392945
0.889447,1.345980
0.899497,1.310381
0.909548,1.319402
0.919598,1.343787
0.929648,1.256223
0.939698,1.304694
0.949749,1.186276
0.959799,1.256409
0.969849,1.290996
0.979899,1.204510
0.989950,1.217579
1.000000,1.220195
